-10.713088 1.0 1006.87130892
49.8973619835 1.1 987.958052623
-20.5935111111 1.2 527.018507351
-46.5159573965 1.3 1360.67939363
95.6966530612 1.4 845.809527604
87.1606044444 1.5 869.526299155
114.58395 1.6 1986.77493459
-139.920121799 1.7 982.661359383
194.50137284 1.8 2341.48103551
461.342634903 1.9 2118.32047404
362.386912 2.0 1229.62911437
188.716350113 2.1 1789.6075285
577.53785124 2.2 3250.8386453
391.427097164 2.3 2148.57991124
511.558688889 2.4 2602.49049346
313.33500928 2.5 1204.71127897
294.058584615 2.6 847.750224165
228.074508642 2.7 259.376677694
303.27444898 2.8 777.495367873
20.9221555291 2.9 460.474918999
