-229.518655712 1.0 2247.75149018
-0.799947874331 1.1 4037.11373367
-20.3509542222 1.2 4262.02981562
124.435214182 1.3 1622.35871504
272.104958131 1.4 5026.89113787
255.602084843 1.5 6259.08531041
456.675461744 1.6 6617.06545359
750.003010226 1.7 3531.97578199
1310.94002222 1.8 4402.28182525
1333.80665157 1.9 8930.46691236
2398.06146148 2.0 1342.39641928
1905.34344946 2.1 7330.90017183
3552.50615497 2.2 9780.40671649
4276.72558425 2.3 4314.55231832
2460.50079505 2.4 5331.22531782
2279.47369555 2.5 5112.18699041
1576.55552393 2.6 3217.83291756
1461.04006394 2.7 2210.41622919
1353.95726185 2.8 1840.52153645
1104.95950517 2.9 2265.72980117
