0.01422624 1.0 0.260318551825 
0.157249672727 1.1 0.20880905954 
-0.0176022666667 1.2 0.858833524539 
-0.0762528 1.3 0.603476699093 
-0.0717182285714 1.4 0.527225508652 
0.0970288 1.5 0.594406798819 
-0.39864105 1.6 1.0597015199 
-0.148848094118 1.7 1.30742428293 
0.326372355556 1.8 1.02252336108 
-0.00929456842105 1.9 2.9852704267 
0.16071232 2.0 3.88142240984 
-0.315738209524 2.1 3.05119063759 
1.32610156364 2.2 7.05095056995 
4.90131610435 2.3 9.16801893898 
16.3105425333 2.4 22.535312064 
3.35192992 2.5 3.79245846164 
1.89988384615 2.6 2.1348870175 
2.64978367407 2.7 2.61561889299 
3.42096365714 2.8 2.56490061917 
1.75347343448 2.9 1.85485224106 
