0.000548676070385 1.0 0.18555007034 
0.00454318572655 1.1 0.147358462711 
0.00899248574265 1.2 0.180000938806 
-0.00992022380554 1.3 0.317640441865 
0.0243545024788 1.4 0.438859074402 
0.00134681654614 1.5 0.581012427107 
0.018317012796 1.6 0.68270951238 
0.0831076308734 1.7 0.501830162797 
0.0942034066231 1.8 0.781252105076 
0.161372834628 1.9 1.30927319746 
0.423202455395 2.0 1.13760825 
0.738114433218 2.1 1.70737048387 
2.85584111319 2.2 0.469889813937 
36.2909402631 2.3 28.1441483209 
9.21687282995 2.4 5.35265961121 
9.10481477151 2.5 3.25572725689 
5.78633417444 2.6 0.850538580378 
2.95379051899 2.7 1.8467315008 
2.06563987833 2.8 0.435255666105 
1.93534794788 2.9 0.90851625094 
