-800.0 1.0
-800.0 1.0
-792.0 1.0
-800.0 1.0
-800.0 1.0
-800.0 1.0
-800.0 1.0
-800.0 1.0
-800.0 1.0
-800.0 1.0
-792.0 1.0
-800.0 1.0
-792.0 1.0
-800.0 1.0
-800.0 1.0
-792.0 1.0
-800.0 1.0
-800.0 1.0
-800.0 1.0
-800.0 1.0
-800.0 1.0
-800.0 1.0
-800.0 1.0
-800.0 1.0
-800.0 1.0
-792.0 1.0
-792.0 1.0
-800.0 1.0
-800.0 1.0
-792.0 1.0
-800.0 1.0
-800.0 1.0
-800.0 1.0
-800.0 1.0
-800.0 1.0
-800.0 1.0
-800.0 1.0
-800.0 1.0
-800.0 1.0
-800.0 1.0
-800.0 1.0
-800.0 1.0
-800.0 1.0
-800.0 1.0
-800.0 1.0
-800.0 1.0
-800.0 1.0
-800.0 1.0
-792.0 1.0
-792.0 1.0
-792.0 1.1
-800.0 1.1
-800.0 1.1
-800.0 1.1
-800.0 1.1
-800.0 1.1
-800.0 1.1
-800.0 1.1
-800.0 1.1
-792.0 1.1
-800.0 1.1
-800.0 1.1
-792.0 1.1
-800.0 1.1
-788.0 1.1
-800.0 1.1
-800.0 1.1
-800.0 1.1
-800.0 1.1
-800.0 1.1
-800.0 1.1
-784.0 1.1
-792.0 1.1
-800.0 1.1
-800.0 1.1
-800.0 1.1
-792.0 1.1
-784.0 1.1
-800.0 1.1
-800.0 1.1
-800.0 1.1
-800.0 1.1
-792.0 1.1
-800.0 1.1
-784.0 1.1
-800.0 1.1
-800.0 1.1
-800.0 1.1
-792.0 1.1
-792.0 1.1
-800.0 1.1
-800.0 1.1
-800.0 1.1
-800.0 1.1
-800.0 1.1
-800.0 1.1
-800.0 1.1
-800.0 1.1
-800.0 1.1
-792.0 1.1
-800.0 1.2
-800.0 1.2
-792.0 1.2
-800.0 1.2
-800.0 1.2
-800.0 1.2
-792.0 1.2
-800.0 1.2
-800.0 1.2
-792.0 1.2
-784.0 1.2
-784.0 1.2
-800.0 1.2
-800.0 1.2
-800.0 1.2
-800.0 1.2
-800.0 1.2
-800.0 1.2
-800.0 1.2
-800.0 1.2
-792.0 1.2
-784.0 1.2
-800.0 1.2
-800.0 1.2
-792.0 1.2
-780.0 1.2
-792.0 1.2
-800.0 1.2
-792.0 1.2
-800.0 1.2
-776.0 1.2
-792.0 1.2
-800.0 1.2
-776.0 1.2
-792.0 1.2
-800.0 1.2
-800.0 1.2
-792.0 1.2
-800.0 1.2
-792.0 1.2
-784.0 1.2
-800.0 1.2
-800.0 1.2
-800.0 1.2
-800.0 1.2
-800.0 1.2
-792.0 1.2
-792.0 1.2
-800.0 1.2
-800.0 1.2
-784.0 1.3
-788.0 1.3
-800.0 1.3
-792.0 1.3
-784.0 1.3
-784.0 1.3
-788.0 1.3
-800.0 1.3
-792.0 1.3
-776.0 1.3
-780.0 1.3
-800.0 1.3
-800.0 1.3
-792.0 1.3
-800.0 1.3
-792.0 1.3
-800.0 1.3
-776.0 1.3
-768.0 1.3
-800.0 1.3
-784.0 1.3
-800.0 1.3
-784.0 1.3
-800.0 1.3
-792.0 1.3
-784.0 1.3
-800.0 1.3
-792.0 1.3
-792.0 1.3
-800.0 1.3
-792.0 1.3
-784.0 1.3
-776.0 1.3
-784.0 1.3
-776.0 1.3
-792.0 1.3
-800.0 1.3
-784.0 1.3
-800.0 1.3
-792.0 1.3
-792.0 1.3
-792.0 1.3
-792.0 1.3
-768.0 1.3
-784.0 1.3
-800.0 1.3
-784.0 1.3
-784.0 1.3
-800.0 1.3
-792.0 1.3
-776.0 1.4
-788.0 1.4
-800.0 1.4
-792.0 1.4
-780.0 1.4
-792.0 1.4
-776.0 1.4
-800.0 1.4
-784.0 1.4
-784.0 1.4
-788.0 1.4
-800.0 1.4
-776.0 1.4
-792.0 1.4
-792.0 1.4
-792.0 1.4
-792.0 1.4
-784.0 1.4
-800.0 1.4
-800.0 1.4
-768.0 1.4
-800.0 1.4
-800.0 1.4
-792.0 1.4
-784.0 1.4
-788.0 1.4
-792.0 1.4
-800.0 1.4
-800.0 1.4
-784.0 1.4
-776.0 1.4
-792.0 1.4
-780.0 1.4
-800.0 1.4
-800.0 1.4
-784.0 1.4
-800.0 1.4
-784.0 1.4
-792.0 1.4
-784.0 1.4
-792.0 1.4
-792.0 1.4
-792.0 1.4
-792.0 1.4
-776.0 1.4
-792.0 1.4
-792.0 1.4
-784.0 1.4
-784.0 1.4
-792.0 1.4
-756.0 1.5
-784.0 1.5
-764.0 1.5
-784.0 1.5
-780.0 1.5
-792.0 1.5
-756.0 1.5
-792.0 1.5
-780.0 1.5
-776.0 1.5
-784.0 1.5
-760.0 1.5
-784.0 1.5
-752.0 1.5
-768.0 1.5
-784.0 1.5
-784.0 1.5
-784.0 1.5
-776.0 1.5
-800.0 1.5
-780.0 1.5
-792.0 1.5
-776.0 1.5
-772.0 1.5
-800.0 1.5
-792.0 1.5
-768.0 1.5
-784.0 1.5
-792.0 1.5
-760.0 1.5
-756.0 1.5
-784.0 1.5
-756.0 1.5
-792.0 1.5
-772.0 1.5
-792.0 1.5
-792.0 1.5
-764.0 1.5
-756.0 1.5
-748.0 1.5
-792.0 1.5
-760.0 1.5
-768.0 1.5
-784.0 1.5
-776.0 1.5
-780.0 1.5
-792.0 1.5
-748.0 1.5
-784.0 1.5
-780.0 1.5
-776.0 1.6
-760.0 1.6
-760.0 1.6
-760.0 1.6
-740.0 1.6
-792.0 1.6
-748.0 1.6
-776.0 1.6
-764.0 1.6
-768.0 1.6
-768.0 1.6
-784.0 1.6
-768.0 1.6
-752.0 1.6
-792.0 1.6
-748.0 1.6
-768.0 1.6
-784.0 1.6
-780.0 1.6
-720.0 1.6
-784.0 1.6
-776.0 1.6
-760.0 1.6
-748.0 1.6
-776.0 1.6
-800.0 1.6
-764.0 1.6
-784.0 1.6
-784.0 1.6
-772.0 1.6
-792.0 1.6
-736.0 1.6
-780.0 1.6
-744.0 1.6
-752.0 1.6
-788.0 1.6
-780.0 1.6
-764.0 1.6
-784.0 1.6
-784.0 1.6
-780.0 1.6
-800.0 1.6
-776.0 1.6
-752.0 1.6
-784.0 1.6
-780.0 1.6
-784.0 1.6
-776.0 1.6
-792.0 1.6
-776.0 1.6
-732.0 1.7
-784.0 1.7
-776.0 1.7
-712.0 1.7
-744.0 1.7
-720.0 1.7
-772.0 1.7
-752.0 1.7
-784.0 1.7
-744.0 1.7
-776.0 1.7
-748.0 1.7
-756.0 1.7
-760.0 1.7
-760.0 1.7
-776.0 1.7
-748.0 1.7
-748.0 1.7
-752.0 1.7
-764.0 1.7
-744.0 1.7
-764.0 1.7
-752.0 1.7
-744.0 1.7
-756.0 1.7
-752.0 1.7
-784.0 1.7
-760.0 1.7
-756.0 1.7
-768.0 1.7
-768.0 1.7
-756.0 1.7
-744.0 1.7
-760.0 1.7
-732.0 1.7
-752.0 1.7
-792.0 1.7
-752.0 1.7
-772.0 1.7
-732.0 1.7
-768.0 1.7
-728.0 1.7
-756.0 1.7
-784.0 1.7
-784.0 1.7
-740.0 1.7
-776.0 1.7
-756.0 1.7
-784.0 1.7
-744.0 1.7
-752.0 1.8
-744.0 1.8
-744.0 1.8
-700.0 1.8
-780.0 1.8
-756.0 1.8
-760.0 1.8
-752.0 1.8
-784.0 1.8
-728.0 1.8
-704.0 1.8
-712.0 1.8
-716.0 1.8
-756.0 1.8
-784.0 1.8
-728.0 1.8
-768.0 1.8
-736.0 1.8
-736.0 1.8
-772.0 1.8
-760.0 1.8
-724.0 1.8
-756.0 1.8
-740.0 1.8
-724.0 1.8
-740.0 1.8
-760.0 1.8
-784.0 1.8
-656.0 1.8
-708.0 1.8
-708.0 1.8
-756.0 1.8
-752.0 1.8
-728.0 1.8
-720.0 1.8
-720.0 1.8
-760.0 1.8
-772.0 1.8
-744.0 1.8
-724.0 1.8
-768.0 1.8
-752.0 1.8
-768.0 1.8
-744.0 1.8
-732.0 1.8
-716.0 1.8
-748.0 1.8
-744.0 1.8
-740.0 1.8
-792.0 1.8
-736.0 1.9
-680.0 1.9
-740.0 1.9
-748.0 1.9
-724.0 1.9
-704.0 1.9
-732.0 1.9
-668.0 1.9
-684.0 1.9
-748.0 1.9
-684.0 1.9
-700.0 1.9
-688.0 1.9
-688.0 1.9
-664.0 1.9
-752.0 1.9
-740.0 1.9
-760.0 1.9
-772.0 1.9
-700.0 1.9
-752.0 1.9
-720.0 1.9
-752.0 1.9
-748.0 1.9
-728.0 1.9
-680.0 1.9
-748.0 1.9
-744.0 1.9
-744.0 1.9
-712.0 1.9
-708.0 1.9
-636.0 1.9
-684.0 1.9
-744.0 1.9
-704.0 1.9
-740.0 1.9
-760.0 1.9
-684.0 1.9
-708.0 1.9
-728.0 1.9
-688.0 1.9
-772.0 1.9
-688.0 1.9
-704.0 1.9
-716.0 1.9
-720.0 1.9
-752.0 1.9
-736.0 1.9
-656.0 1.9
-736.0 1.9
-712.0 2.0
-716.0 2.0
-708.0 2.0
-740.0 2.0
-692.0 2.0
-692.0 2.0
-704.0 2.0
-680.0 2.0
-652.0 2.0
-592.0 2.0
-620.0 2.0
-640.0 2.0
-664.0 2.0
-616.0 2.0
-636.0 2.0
-712.0 2.0
-756.0 2.0
-732.0 2.0
-724.0 2.0
-712.0 2.0
-680.0 2.0
-720.0 2.0
-716.0 2.0
-676.0 2.0
-684.0 2.0
-744.0 2.0
-688.0 2.0
-700.0 2.0
-688.0 2.0
-704.0 2.0
-668.0 2.0
-764.0 2.0
-660.0 2.0
-724.0 2.0
-692.0 2.0
-708.0 2.0
-732.0 2.0
-700.0 2.0
-716.0 2.0
-624.0 2.0
-680.0 2.0
-732.0 2.0
-652.0 2.0
-700.0 2.0
-684.0 2.0
-696.0 2.0
-692.0 2.0
-656.0 2.0
-692.0 2.0
-656.0 2.0
-612.0 2.1
-720.0 2.1
-688.0 2.1
-692.0 2.1
-668.0 2.1
-692.0 2.1
-644.0 2.1
-600.0 2.1
-656.0 2.1
-632.0 2.1
-720.0 2.1
-716.0 2.1
-680.0 2.1
-728.0 2.1
-700.0 2.1
-668.0 2.1
-660.0 2.1
-632.0 2.1
-680.0 2.1
-704.0 2.1
-688.0 2.1
-656.0 2.1
-672.0 2.1
-668.0 2.1
-632.0 2.1
-736.0 2.1
-724.0 2.1
-668.0 2.1
-632.0 2.1
-652.0 2.1
-684.0 2.1
-696.0 2.1
-612.0 2.1
-676.0 2.1
-700.0 2.1
-680.0 2.1
-640.0 2.1
-640.0 2.1
-696.0 2.1
-704.0 2.1
-652.0 2.1
-656.0 2.1
-672.0 2.1
-716.0 2.1
-728.0 2.1
-700.0 2.1
-632.0 2.1
-660.0 2.1
-668.0 2.1
-664.0 2.1
-656.0 2.2
-660.0 2.2
-640.0 2.2
-552.0 2.2
-588.0 2.2
-660.0 2.2
-660.0 2.2
-688.0 2.2
-600.0 2.2
-664.0 2.2
-636.0 2.2
-692.0 2.2
-636.0 2.2
-640.0 2.2
-644.0 2.2
-680.0 2.2
-576.0 2.2
-672.0 2.2
-648.0 2.2
-624.0 2.2
-592.0 2.2
-580.0 2.2
-500.0 2.2
-556.0 2.2
-628.0 2.2
-600.0 2.2
-640.0 2.2
-556.0 2.2
-564.0 2.2
-648.0 2.2
-656.0 2.2
-684.0 2.2
-688.0 2.2
-612.0 2.2
-680.0 2.2
-676.0 2.2
-704.0 2.2
-724.0 2.2
-632.0 2.2
-644.0 2.2
-688.0 2.2
-688.0 2.2
-652.0 2.2
-656.0 2.2
-596.0 2.2
-620.0 2.2
-660.0 2.2
-652.0 2.2
-616.0 2.2
-648.0 2.2
-580.0 2.3
-524.0 2.3
-584.0 2.3
-564.0 2.3
-548.0 2.3
-480.0 2.3
-520.0 2.3
-512.0 2.3
-480.0 2.3
-436.0 2.3
-472.0 2.3
-468.0 2.3
-408.0 2.3
-488.0 2.3
-516.0 2.3
-564.0 2.3
-508.0 2.3
-596.0 2.3
-596.0 2.3
-620.0 2.3
-584.0 2.3
-636.0 2.3
-496.0 2.3
-536.0 2.3
-624.0 2.3
-552.0 2.3
-480.0 2.3
-480.0 2.3
-528.0 2.3
-600.0 2.3
-600.0 2.3
-516.0 2.3
-532.0 2.3
-488.0 2.3
-548.0 2.3
-552.0 2.3
-544.0 2.3
-536.0 2.3
-508.0 2.3
-548.0 2.3
-596.0 2.3
-592.0 2.3
-552.0 2.3
-552.0 2.3
-500.0 2.3
-560.0 2.3
-520.0 2.3
-556.0 2.3
-628.0 2.3
-572.0 2.3
-468.0 2.4
-400.0 2.4
-420.0 2.4
-492.0 2.4
-532.0 2.4
-464.0 2.4
-432.0 2.4
-428.0 2.4
-488.0 2.4
-476.0 2.4
-468.0 2.4
-448.0 2.4
-468.0 2.4
-440.0 2.4
-456.0 2.4
-404.0 2.4
-400.0 2.4
-436.0 2.4
-432.0 2.4
-504.0 2.4
-444.0 2.4
-440.0 2.4
-412.0 2.4
-472.0 2.4
-432.0 2.4
-496.0 2.4
-480.0 2.4
-468.0 2.4
-460.0 2.4
-472.0 2.4
-460.0 2.4
-512.0 2.4
-524.0 2.4
-544.0 2.4
-560.0 2.4
-572.0 2.4
-600.0 2.4
-584.0 2.4
-556.0 2.4
-572.0 2.4
-620.0 2.4
-636.0 2.4
-576.0 2.4
-540.0 2.4
-524.0 2.4
-628.0 2.4
-632.0 2.4
-568.0 2.4
-556.0 2.4
-536.0 2.4
-384.0 2.5
-404.0 2.5
-484.0 2.5
-340.0 2.5
-384.0 2.5
-400.0 2.5
-400.0 2.5
-444.0 2.5
-480.0 2.5
-508.0 2.5
-444.0 2.5
-392.0 2.5
-420.0 2.5
-384.0 2.5
-420.0 2.5
-428.0 2.5
-404.0 2.5
-440.0 2.5
-408.0 2.5
-456.0 2.5
-360.0 2.5
-436.0 2.5
-360.0 2.5
-456.0 2.5
-440.0 2.5
-476.0 2.5
-528.0 2.5
-552.0 2.5
-500.0 2.5
-416.0 2.5
-516.0 2.5
-392.0 2.5
-352.0 2.5
-392.0 2.5
-384.0 2.5
-312.0 2.5
-372.0 2.5
-428.0 2.5
-464.0 2.5
-396.0 2.5
-428.0 2.5
-436.0 2.5
-356.0 2.5
-380.0 2.5
-388.0 2.5
-384.0 2.5
-404.0 2.5
-372.0 2.5
-428.0 2.5
-424.0 2.5
-280.0 2.6
-312.0 2.6
-372.0 2.6
-308.0 2.6
-376.0 2.6
-312.0 2.6
-396.0 2.6
-420.0 2.6
-400.0 2.6
-456.0 2.6
-356.0 2.6
-336.0 2.6
-368.0 2.6
-352.0 2.6
-412.0 2.6
-464.0 2.6
-424.0 2.6
-404.0 2.6
-392.0 2.6
-416.0 2.6
-392.0 2.6
-336.0 2.6
-396.0 2.6
-360.0 2.6
-404.0 2.6
-376.0 2.6
-372.0 2.6
-416.0 2.6
-416.0 2.6
-468.0 2.6
-436.0 2.6
-448.0 2.6
-448.0 2.6
-372.0 2.6
-384.0 2.6
-388.0 2.6
-380.0 2.6
-352.0 2.6
-464.0 2.6
-380.0 2.6
-420.0 2.6
-376.0 2.6
-404.0 2.6
-452.0 2.6
-412.0 2.6
-440.0 2.6
-412.0 2.6
-444.0 2.6
-412.0 2.6
-452.0 2.6
-304.0 2.7
-316.0 2.7
-340.0 2.7
-316.0 2.7
-340.0 2.7
-336.0 2.7
-368.0 2.7
-412.0 2.7
-304.0 2.7
-336.0 2.7
-376.0 2.7
-400.0 2.7
-384.0 2.7
-420.0 2.7
-348.0 2.7
-340.0 2.7
-412.0 2.7
-368.0 2.7
-396.0 2.7
-428.0 2.7
-388.0 2.7
-404.0 2.7
-404.0 2.7
-436.0 2.7
-440.0 2.7
-416.0 2.7
-384.0 2.7
-392.0 2.7
-312.0 2.7
-372.0 2.7
-452.0 2.7
-360.0 2.7
-440.0 2.7
-420.0 2.7
-428.0 2.7
-344.0 2.7
-420.0 2.7
-388.0 2.7
-412.0 2.7
-396.0 2.7
-380.0 2.7
-408.0 2.7
-392.0 2.7
-380.0 2.7
-436.0 2.7
-408.0 2.7
-400.0 2.7
-384.0 2.7
-340.0 2.7
-380.0 2.7
-364.0 2.8
-300.0 2.8
-360.0 2.8
-344.0 2.8
-440.0 2.8
-392.0 2.8
-464.0 2.8
-360.0 2.8
-328.0 2.8
-372.0 2.8
-460.0 2.8
-368.0 2.8
-292.0 2.8
-388.0 2.8
-364.0 2.8
-340.0 2.8
-388.0 2.8
-344.0 2.8
-480.0 2.8
-376.0 2.8
-324.0 2.8
-288.0 2.8
-336.0 2.8
-316.0 2.8
-404.0 2.8
-360.0 2.8
-384.0 2.8
-360.0 2.8
-336.0 2.8
-384.0 2.8
-356.0 2.8
-416.0 2.8
-328.0 2.8
-276.0 2.8
-312.0 2.8
-276.0 2.8
-344.0 2.8
-396.0 2.8
-416.0 2.8
-408.0 2.8
-424.0 2.8
-420.0 2.8
-420.0 2.8
-352.0 2.8
-388.0 2.8
-400.0 2.8
-368.0 2.8
-392.0 2.8
-408.0 2.8
-348.0 2.8
-336.0 2.9
-344.0 2.9
-392.0 2.9
-304.0 2.9
-360.0 2.9
-316.0 2.9
-352.0 2.9
-292.0 2.9
-372.0 2.9
-268.0 2.9
-292.0 2.9
-308.0 2.9
-304.0 2.9
-324.0 2.9
-384.0 2.9
-392.0 2.9
-352.0 2.9
-296.0 2.9
-324.0 2.9
-364.0 2.9
-356.0 2.9
-392.0 2.9
-316.0 2.9
-372.0 2.9
-336.0 2.9
-320.0 2.9
-332.0 2.9
-376.0 2.9
-356.0 2.9
-384.0 2.9
-416.0 2.9
-444.0 2.9
-412.0 2.9
-360.0 2.9
-396.0 2.9
-316.0 2.9
-336.0 2.9
-312.0 2.9
-268.0 2.9
-364.0 2.9
-324.0 2.9
-376.0 2.9
-320.0 2.9
-344.0 2.9
-372.0 2.9
-384.0 2.9
-376.0 2.9
-368.0 2.9
-360.0 2.9
-396.0 2.9
