400.0 1.0
400.0 1.0
398.0 1.0
400.0 1.0
400.0 1.0
400.0 1.0
400.0 1.0
400.0 1.0
400.0 1.0
400.0 1.0
398.0 1.0
400.0 1.0
398.0 1.0
400.0 1.0
400.0 1.0
398.0 1.0
400.0 1.0
400.0 1.0
400.0 1.0
400.0 1.0
400.0 1.0
400.0 1.0
400.0 1.0
400.0 1.0
400.0 1.0
398.0 1.0
398.0 1.0
400.0 1.0
400.0 1.0
398.0 1.0
400.0 1.0
400.0 1.0
400.0 1.0
400.0 1.0
400.0 1.0
400.0 1.0
400.0 1.0
400.0 1.0
400.0 1.0
400.0 1.0
400.0 1.0
400.0 1.0
400.0 1.0
400.0 1.0
400.0 1.0
400.0 1.0
400.0 1.0
400.0 1.0
398.0 1.0
398.0 1.0
398.0 1.1
400.0 1.1
400.0 1.1
400.0 1.1
400.0 1.1
400.0 1.1
400.0 1.1
400.0 1.1
400.0 1.1
398.0 1.1
400.0 1.1
400.0 1.1
398.0 1.1
400.0 1.1
396.0 1.1
400.0 1.1
400.0 1.1
400.0 1.1
400.0 1.1
400.0 1.1
400.0 1.1
396.0 1.1
398.0 1.1
400.0 1.1
400.0 1.1
400.0 1.1
398.0 1.1
396.0 1.1
400.0 1.1
400.0 1.1
400.0 1.1
400.0 1.1
398.0 1.1
400.0 1.1
396.0 1.1
400.0 1.1
400.0 1.1
400.0 1.1
398.0 1.1
398.0 1.1
400.0 1.1
400.0 1.1
400.0 1.1
400.0 1.1
400.0 1.1
400.0 1.1
400.0 1.1
400.0 1.1
400.0 1.1
398.0 1.1
400.0 1.2
400.0 1.2
398.0 1.2
400.0 1.2
400.0 1.2
400.0 1.2
398.0 1.2
400.0 1.2
400.0 1.2
398.0 1.2
396.0 1.2
396.0 1.2
400.0 1.2
400.0 1.2
400.0 1.2
400.0 1.2
400.0 1.2
400.0 1.2
400.0 1.2
400.0 1.2
398.0 1.2
396.0 1.2
400.0 1.2
400.0 1.2
398.0 1.2
394.0 1.2
398.0 1.2
400.0 1.2
398.0 1.2
400.0 1.2
394.0 1.2
398.0 1.2
400.0 1.2
394.0 1.2
398.0 1.2
400.0 1.2
400.0 1.2
398.0 1.2
400.0 1.2
398.0 1.2
396.0 1.2
400.0 1.2
400.0 1.2
400.0 1.2
400.0 1.2
400.0 1.2
398.0 1.2
398.0 1.2
400.0 1.2
400.0 1.2
396.0 1.3
396.0 1.3
400.0 1.3
398.0 1.3
396.0 1.3
396.0 1.3
396.0 1.3
400.0 1.3
398.0 1.3
394.0 1.3
394.0 1.3
400.0 1.3
400.0 1.3
398.0 1.3
400.0 1.3
398.0 1.3
400.0 1.3
394.0 1.3
392.0 1.3
400.0 1.3
396.0 1.3
400.0 1.3
392.0 1.3
400.0 1.3
398.0 1.3
396.0 1.3
400.0 1.3
398.0 1.3
398.0 1.3
400.0 1.3
398.0 1.3
396.0 1.3
394.0 1.3
396.0 1.3
394.0 1.3
398.0 1.3
400.0 1.3
396.0 1.3
400.0 1.3
398.0 1.3
398.0 1.3
398.0 1.3
398.0 1.3
390.0 1.3
396.0 1.3
400.0 1.3
396.0 1.3
396.0 1.3
400.0 1.3
398.0 1.3
394.0 1.4
396.0 1.4
400.0 1.4
398.0 1.4
394.0 1.4
398.0 1.4
394.0 1.4
400.0 1.4
396.0 1.4
396.0 1.4
396.0 1.4
400.0 1.4
394.0 1.4
398.0 1.4
398.0 1.4
398.0 1.4
398.0 1.4
396.0 1.4
400.0 1.4
400.0 1.4
392.0 1.4
400.0 1.4
400.0 1.4
398.0 1.4
396.0 1.4
396.0 1.4
398.0 1.4
400.0 1.4
400.0 1.4
396.0 1.4
394.0 1.4
398.0 1.4
394.0 1.4
400.0 1.4
400.0 1.4
396.0 1.4
400.0 1.4
396.0 1.4
398.0 1.4
396.0 1.4
398.0 1.4
398.0 1.4
398.0 1.4
398.0 1.4
394.0 1.4
398.0 1.4
398.0 1.4
396.0 1.4
396.0 1.4
398.0 1.4
388.0 1.5
396.0 1.5
390.0 1.5
396.0 1.5
394.0 1.5
398.0 1.5
386.0 1.5
398.0 1.5
394.0 1.5
394.0 1.5
396.0 1.5
390.0 1.5
396.0 1.5
386.0 1.5
392.0 1.5
396.0 1.5
396.0 1.5
396.0 1.5
394.0 1.5
400.0 1.5
394.0 1.5
398.0 1.5
394.0 1.5
392.0 1.5
400.0 1.5
398.0 1.5
392.0 1.5
396.0 1.5
398.0 1.5
380.0 1.5
386.0 1.5
396.0 1.5
388.0 1.5
398.0 1.5
392.0 1.5
398.0 1.5
398.0 1.5
390.0 1.5
388.0 1.5
378.0 1.5
398.0 1.5
390.0 1.5
392.0 1.5
396.0 1.5
394.0 1.5
394.0 1.5
398.0 1.5
386.0 1.5
396.0 1.5
394.0 1.5
394.0 1.6
388.0 1.6
388.0 1.6
386.0 1.6
382.0 1.6
398.0 1.6
386.0 1.6
394.0 1.6
390.0 1.6
392.0 1.6
392.0 1.6
394.0 1.6
390.0 1.6
388.0 1.6
398.0 1.6
384.0 1.6
392.0 1.6
396.0 1.6
394.0 1.6
376.0 1.6
396.0 1.6
394.0 1.6
390.0 1.6
386.0 1.6
394.0 1.6
400.0 1.6
390.0 1.6
396.0 1.6
396.0 1.6
392.0 1.6
398.0 1.6
384.0 1.6
394.0 1.6
386.0 1.6
378.0 1.6
396.0 1.6
394.0 1.6
388.0 1.6
396.0 1.6
396.0 1.6
394.0 1.6
400.0 1.6
388.0 1.6
386.0 1.6
396.0 1.6
394.0 1.6
396.0 1.6
394.0 1.6
398.0 1.6
394.0 1.6
382.0 1.7
396.0 1.7
394.0 1.7
374.0 1.7
382.0 1.7
378.0 1.7
392.0 1.7
388.0 1.7
396.0 1.7
382.0 1.7
394.0 1.7
380.0 1.7
388.0 1.7
388.0 1.7
390.0 1.7
394.0 1.7
384.0 1.7
386.0 1.7
388.0 1.7
390.0 1.7
384.0 1.7
390.0 1.7
388.0 1.7
384.0 1.7
388.0 1.7
388.0 1.7
396.0 1.7
390.0 1.7
384.0 1.7
392.0 1.7
392.0 1.7
388.0 1.7
384.0 1.7
390.0 1.7
382.0 1.7
388.0 1.7
398.0 1.7
384.0 1.7
392.0 1.7
382.0 1.7
392.0 1.7
378.0 1.7
382.0 1.7
396.0 1.7
396.0 1.7
382.0 1.7
394.0 1.7
388.0 1.7
396.0 1.7
384.0 1.7
388.0 1.8
382.0 1.8
386.0 1.8
370.0 1.8
394.0 1.8
386.0 1.8
390.0 1.8
386.0 1.8
396.0 1.8
378.0 1.8
362.0 1.8
364.0 1.8
372.0 1.8
388.0 1.8
394.0 1.8
380.0 1.8
392.0 1.8
380.0 1.8
380.0 1.8
392.0 1.8
386.0 1.8
372.0 1.8
384.0 1.8
382.0 1.8
376.0 1.8
382.0 1.8
390.0 1.8
396.0 1.8
354.0 1.8
368.0 1.8
372.0 1.8
388.0 1.8
386.0 1.8
378.0 1.8
372.0 1.8
370.0 1.8
390.0 1.8
390.0 1.8
386.0 1.8
378.0 1.8
392.0 1.8
384.0 1.8
390.0 1.8
382.0 1.8
378.0 1.8
376.0 1.8
386.0 1.8
386.0 1.8
384.0 1.8
398.0 1.8
378.0 1.9
352.0 1.9
380.0 1.9
384.0 1.9
378.0 1.9
364.0 1.9
380.0 1.9
350.0 1.9
360.0 1.9
386.0 1.9
368.0 1.9
366.0 1.9
366.0 1.9
358.0 1.9
354.0 1.9
386.0 1.9
384.0 1.9
386.0 1.9
392.0 1.9
372.0 1.9
388.0 1.9
378.0 1.9
384.0 1.9
386.0 1.9
378.0 1.9
360.0 1.9
386.0 1.9
384.0 1.9
376.0 1.9
358.0 1.9
370.0 1.9
342.0 1.9
364.0 1.9
382.0 1.9
360.0 1.9
384.0 1.9
390.0 1.9
362.0 1.9
376.0 1.9
376.0 1.9
366.0 1.9
392.0 1.9
366.0 1.9
368.0 1.9
370.0 1.9
376.0 1.9
388.0 1.9
382.0 1.9
350.0 1.9
380.0 1.9
374.0 2.0
376.0 2.0
372.0 2.0
384.0 2.0
366.0 2.0
366.0 2.0
372.0 2.0
360.0 2.0
340.0 2.0
292.0 2.0
300.0 2.0
340.0 2.0
338.0 2.0
298.0 2.0
354.0 2.0
378.0 2.0
388.0 2.0
378.0 2.0
378.0 2.0
376.0 2.0
366.0 2.0
370.0 2.0
376.0 2.0
360.0 2.0
358.0 2.0
382.0 2.0
362.0 2.0
362.0 2.0
362.0 2.0
366.0 2.0
354.0 2.0
388.0 2.0
344.0 2.0
378.0 2.0
364.0 2.0
364.0 2.0
376.0 2.0
366.0 2.0
360.0 2.0
338.0 2.0
366.0 2.0
376.0 2.0
340.0 2.0
370.0 2.0
364.0 2.0
364.0 2.0
370.0 2.0
354.0 2.0
366.0 2.0
352.0 2.0
322.0 2.1
378.0 2.1
366.0 2.1
372.0 2.1
354.0 2.1
354.0 2.1
340.0 2.1
328.0 2.1
348.0 2.1
330.0 2.1
374.0 2.1
372.0 2.1
366.0 2.1
374.0 2.1
368.0 2.1
358.0 2.1
350.0 2.1
346.0 2.1
368.0 2.1
374.0 2.1
360.0 2.1
348.0 2.1
364.0 2.1
366.0 2.1
336.0 2.1
384.0 2.1
378.0 2.1
352.0 2.1
330.0 2.1
332.0 2.1
356.0 2.1
342.0 2.1
300.0 2.1
354.0 2.1
366.0 2.1
356.0 2.1
326.0 2.1
346.0 2.1
364.0 2.1
372.0 2.1
350.0 2.1
352.0 2.1
362.0 2.1
376.0 2.1
380.0 2.1
356.0 2.1
326.0 2.1
320.0 2.1
348.0 2.1
352.0 2.1
346.0 2.2
356.0 2.2
350.0 2.2
288.0 2.2
320.0 2.2
348.0 2.2
354.0 2.2
364.0 2.2
324.0 2.2
358.0 2.2
338.0 2.2
368.0 2.2
352.0 2.2
346.0 2.2
344.0 2.2
338.0 2.2
320.0 2.2
360.0 2.2
342.0 2.2
338.0 2.2
314.0 2.2
312.0 2.2
286.0 2.2
280.0 2.2
288.0 2.2
264.0 2.2
306.0 2.2
262.0 2.2
250.0 2.2
286.0 2.2
328.0 2.2
364.0 2.2
366.0 2.2
336.0 2.2
364.0 2.2
354.0 2.2
366.0 2.2
376.0 2.2
340.0 2.2
346.0 2.2
364.0 2.2
362.0 2.2
352.0 2.2
356.0 2.2
282.0 2.2
282.0 2.2
350.0 2.2
332.0 2.2
320.0 2.2
330.0 2.2
308.0 2.3
288.0 2.3
266.0 2.3
304.0 2.3
288.0 2.3
250.0 2.3
222.0 2.3
248.0 2.3
208.0 2.3
148.0 2.3
96.0 2.3
164.0 2.3
112.0 2.3
202.0 2.3
254.0 2.3
266.0 2.3
278.0 2.3
296.0 2.3
316.0 2.3
312.0 2.3
298.0 2.3
340.0 2.3
284.0 2.3
254.0 2.3
308.0 2.3
256.0 2.3
214.0 2.3
142.0 2.3
172.0 2.3
194.0 2.3
216.0 2.3
238.0 2.3
182.0 2.3
178.0 2.3
238.0 2.3
226.0 2.3
252.0 2.3
240.0 2.3
266.0 2.3
306.0 2.3
322.0 2.3
308.0 2.3
288.0 2.3
290.0 2.3
252.0 2.3
324.0 2.3
272.0 2.3
298.0 2.3
340.0 2.3
284.0 2.3
160.0 2.4
124.0 2.4
60.0 2.4
16.0 2.4
44.0 2.4
36.0 2.4
98.0 2.4
56.0 2.4
30.0 2.4
56.0 2.4
56.0 2.4
46.0 2.4
54.0 2.4
104.0 2.4
50.0 2.4
50.0 2.4
50.0 2.4
96.0 2.4
42.0 2.4
10.0 2.4
36.0 2.4
44.0 2.4
48.0 2.4
84.0 2.4
190.0 2.4
164.0 2.4
140.0 2.4
216.0 2.4
184.0 2.4
170.0 2.4
196.0 2.4
188.0 2.4
194.0 2.4
226.0 2.4
300.0 2.4
320.0 2.4
312.0 2.4
322.0 2.4
308.0 2.4
324.0 2.4
350.0 2.4
310.0 2.4
282.0 2.4
284.0 2.4
296.0 2.4
302.0 2.4
294.0 2.4
322.0 2.4
320.0 2.4
292.0 2.4
70.0 2.5
100.0 2.5
96.0 2.5
46.0 2.5
78.0 2.5
40.0 2.5
68.0 2.5
32.0 2.5
10.0 2.5
56.0 2.5
20.0 2.5
14.0 2.5
6.0 2.5
42.0 2.5
56.0 2.5
8.0 2.5
44.0 2.5
98.0 2.5
68.0 2.5
82.0 2.5
46.0 2.5
4.0 2.5
100.0 2.5
170.0 2.5
148.0 2.5
172.0 2.5
252.0 2.5
260.0 2.5
204.0 2.5
190.0 2.5
166.0 2.5
72.0 2.5
100.0 2.5
18.0 2.5
58.0 2.5
30.0 2.5
72.0 2.5
18.0 2.5
12.0 2.5
10.0 2.5
12.0 2.5
34.0 2.5
10.0 2.5
82.0 2.5
50.0 2.5
72.0 2.5
112.0 2.5
76.0 2.5
114.0 2.5
98.0 2.5
20.0 2.6
26.0 2.6
42.0 2.6
60.0 2.6
98.0 2.6
90.0 2.6
114.0 2.6
150.0 2.6
148.0 2.6
182.0 2.6
108.0 2.6
16.0 2.6
18.0 2.6
58.0 2.6
66.0 2.6
76.0 2.6
70.0 2.6
48.0 2.6
34.0 2.6
98.0 2.6
100.0 2.6
30.0 2.6
44.0 2.6
60.0 2.6
36.0 2.6
84.0 2.6
84.0 2.6
88.0 2.6
94.0 2.6
136.0 2.6
42.0 2.6
22.0 2.6
84.0 2.6
10.0 2.6
28.0 2.6
82.0 2.6
98.0 2.6
90.0 2.6
34.0 2.6
6.0 2.6
100.0 2.6
82.0 2.6
70.0 2.6
48.0 2.6
18.0 2.6
2.0 2.6
102.0 2.6
144.0 2.6
116.0 2.6
118.0 2.6
4.0 2.7
20.0 2.7
70.0 2.7
20.0 2.7
14.0 2.7
54.0 2.7
28.0 2.7
50.0 2.7
10.0 2.7
42.0 2.7
68.0 2.7
130.0 2.7
80.0 2.7
2.0 2.7
4.0 2.7
24.0 2.7
42.0 2.7
36.0 2.7
10.0 2.7
8.0 2.7
56.0 2.7
72.0 2.7
148.0 2.7
166.0 2.7
152.0 2.7
90.0 2.7
86.0 2.7
116.0 2.7
118.0 2.7
122.0 2.7
112.0 2.7
92.0 2.7
12.0 2.7
32.0 2.7
60.0 2.7
94.0 2.7
86.0 2.7
182.0 2.7
210.0 2.7
138.0 2.7
140.0 2.7
144.0 2.7
132.0 2.7
108.0 2.7
192.0 2.7
134.0 2.7
194.0 2.7
140.0 2.7
86.0 2.7
104.0 2.7
30.0 2.8
26.0 2.8
58.0 2.8
68.0 2.8
186.0 2.8
168.0 2.8
220.0 2.8
78.0 2.8
74.0 2.8
40.0 2.8
40.0 2.8
20.0 2.8
16.0 2.8
8.0 2.8
10.0 2.8
52.0 2.8
36.0 2.8
100.0 2.8
198.0 2.8
172.0 2.8
146.0 2.8
102.0 2.8
10.0 2.8
48.0 2.8
52.0 2.8
134.0 2.8
86.0 2.8
118.0 2.8
48.0 2.8
56.0 2.8
54.0 2.8
60.0 2.8
60.0 2.8
46.0 2.8
40.0 2.8
54.0 2.8
80.0 2.8
130.0 2.8
154.0 2.8
118.0 2.8
134.0 2.8
88.0 2.8
102.0 2.8
126.0 2.8
208.0 2.8
130.0 2.8
76.0 2.8
32.0 2.8
38.0 2.8
60.0 2.8
102.0 2.9
36.0 2.9
126.0 2.9
32.0 2.9
40.0 2.9
20.0 2.9
14.0 2.9
8.0 2.9
46.0 2.9
22.0 2.9
20.0 2.9
50.0 2.9
130.0 2.9
16.0 2.9
96.0 2.9
54.0 2.9
26.0 2.9
94.0 2.9
50.0 2.9
40.0 2.9
150.0 2.9
122.0 2.9
154.0 2.9
70.0 2.9
50.0 2.9
14.0 2.9
8.0 2.9
28.0 2.9
32.0 2.9
92.0 2.9
122.0 2.9
198.0 2.9
20.0 2.9
48.0 2.9
40.0 2.9
36.0 2.9
66.0 2.9
20.0 2.9
56.0 2.9
106.0 2.9
18.0 2.9
28.0 2.9
130.0 2.9
100.0 2.9
28.0 2.9
58.0 2.9
42.0 2.9
20.0 2.9
46.0 2.9
60.0 2.9
