-704.0 1.0
-704.0 1.0
-704.0 1.0
-704.0 1.0
-708.0 1.0
-708.0 1.0
-704.0 1.0
-704.0 1.0
-704.0 1.0
-704.0 1.0
-704.0 1.0
-704.0 1.0
-708.0 1.0
-708.0 1.0
-704.0 1.0
-704.0 1.0
-708.0 1.0
-708.0 1.0
-708.0 1.0
-704.0 1.0
-700.0 1.0
-704.0 1.0
-704.0 1.0
-704.0 1.0
-704.0 1.0
-704.0 1.0
-700.0 1.0
-696.0 1.0
-700.0 1.0
-700.0 1.0
-696.0 1.0
-692.0 1.0
-692.0 1.0
-696.0 1.0
-696.0 1.0
-684.0 1.0
-692.0 1.0
-692.0 1.0
-696.0 1.0
-696.0 1.0
-700.0 1.0
-700.0 1.0
-700.0 1.0
-700.0 1.0
-700.0 1.0
-696.0 1.0
-696.0 1.0
-692.0 1.0
-688.0 1.0
-688.0 1.0
-696.0 1.0
-696.0 1.0
-696.0 1.0
-696.0 1.0
-696.0 1.0
-692.0 1.0
-692.0 1.0
-696.0 1.0
-696.0 1.0
-692.0 1.0
-692.0 1.0
-684.0 1.0
-692.0 1.0
-692.0 1.0
-696.0 1.0
-696.0 1.0
-696.0 1.0
-696.0 1.0
-696.0 1.0
-696.0 1.0
-696.0 1.0
-696.0 1.0
-684.0 1.0
-684.0 1.0
-680.0 1.0
-688.0 1.0
-692.0 1.0
-696.0 1.0
-696.0 1.0
-696.0 1.0
-696.0 1.0
-696.0 1.0
-696.0 1.0
-696.0 1.0
-688.0 1.0
-692.0 1.0
-696.0 1.0
-692.0 1.0
-692.0 1.0
-684.0 1.0
-688.0 1.0
-676.0 1.0
-672.0 1.0
-676.0 1.0
-684.0 1.0
-684.0 1.0
-680.0 1.0
-676.0 1.0
-676.0 1.0
-688.0 1.0
-688.0 1.1
-684.0 1.1
-680.0 1.1
-688.0 1.1
-692.0 1.1
-688.0 1.1
-680.0 1.1
-672.0 1.1
-684.0 1.1
-684.0 1.1
-684.0 1.1
-668.0 1.1
-676.0 1.1
-680.0 1.1
-684.0 1.1
-692.0 1.1
-684.0 1.1
-684.0 1.1
-684.0 1.1
-672.0 1.1
-680.0 1.1
-676.0 1.1
-672.0 1.1
-680.0 1.1
-680.0 1.1
-680.0 1.1
-688.0 1.1
-688.0 1.1
-692.0 1.1
-692.0 1.1
-684.0 1.1
-684.0 1.1
-680.0 1.1
-688.0 1.1
-688.0 1.1
-688.0 1.1
-692.0 1.1
-688.0 1.1
-684.0 1.1
-688.0 1.1
-692.0 1.1
-696.0 1.1
-696.0 1.1
-684.0 1.1
-692.0 1.1
-684.0 1.1
-684.0 1.1
-688.0 1.1
-696.0 1.1
-692.0 1.1
-692.0 1.1
-696.0 1.1
-696.0 1.1
-696.0 1.1
-696.0 1.1
-696.0 1.1
-692.0 1.1
-688.0 1.1
-692.0 1.1
-700.0 1.1
-692.0 1.1
-692.0 1.1
-688.0 1.1
-684.0 1.1
-676.0 1.1
-672.0 1.1
-668.0 1.1
-668.0 1.1
-684.0 1.1
-684.0 1.1
-692.0 1.1
-692.0 1.1
-696.0 1.1
-696.0 1.1
-692.0 1.1
-692.0 1.1
-692.0 1.1
-684.0 1.1
-692.0 1.1
-692.0 1.1
-696.0 1.1
-696.0 1.1
-696.0 1.1
-688.0 1.1
-684.0 1.1
-688.0 1.1
-684.0 1.1
-688.0 1.1
-692.0 1.1
-700.0 1.1
-696.0 1.1
-696.0 1.1
-696.0 1.1
-684.0 1.1
-680.0 1.1
-688.0 1.1
-688.0 1.1
-692.0 1.1
-692.0 1.1
-684.0 1.1
-692.0 1.2
-684.0 1.2
-684.0 1.2
-680.0 1.2
-684.0 1.2
-696.0 1.2
-696.0 1.2
-692.0 1.2
-692.0 1.2
-692.0 1.2
-688.0 1.2
-696.0 1.2
-696.0 1.2
-696.0 1.2
-696.0 1.2
-692.0 1.2
-696.0 1.2
-684.0 1.2
-696.0 1.2
-696.0 1.2
-696.0 1.2
-688.0 1.2
-696.0 1.2
-692.0 1.2
-704.0 1.2
-704.0 1.2
-696.0 1.2
-696.0 1.2
-696.0 1.2
-700.0 1.2
-696.0 1.2
-696.0 1.2
-696.0 1.2
-696.0 1.2
-696.0 1.2
-692.0 1.2
-692.0 1.2
-684.0 1.2
-676.0 1.2
-676.0 1.2
-680.0 1.2
-684.0 1.2
-688.0 1.2
-692.0 1.2
-684.0 1.2
-688.0 1.2
-688.0 1.2
-688.0 1.2
-688.0 1.2
-688.0 1.2
-692.0 1.2
-692.0 1.2
-688.0 1.2
-680.0 1.2
-684.0 1.2
-676.0 1.2
-676.0 1.2
-672.0 1.2
-676.0 1.2
-688.0 1.2
-688.0 1.2
-692.0 1.2
-672.0 1.2
-676.0 1.2
-676.0 1.2
-684.0 1.2
-688.0 1.2
-692.0 1.2
-684.0 1.2
-680.0 1.2
-680.0 1.2
-680.0 1.2
-684.0 1.2
-668.0 1.2
-672.0 1.2
-684.0 1.2
-684.0 1.2
-688.0 1.2
-692.0 1.2
-692.0 1.2
-688.0 1.2
-688.0 1.2
-680.0 1.2
-688.0 1.2
-680.0 1.2
-668.0 1.2
-672.0 1.2
-684.0 1.2
-672.0 1.2
-680.0 1.2
-676.0 1.2
-676.0 1.2
-676.0 1.2
-676.0 1.2
-688.0 1.2
-684.0 1.2
-676.0 1.2
-676.0 1.2
-676.0 1.2
-676.0 1.2
-692.0 1.3
-684.0 1.3
-680.0 1.3
-692.0 1.3
-692.0 1.3
-688.0 1.3
-692.0 1.3
-684.0 1.3
-680.0 1.3
-676.0 1.3
-676.0 1.3
-688.0 1.3
-684.0 1.3
-676.0 1.3
-668.0 1.3
-680.0 1.3
-676.0 1.3
-684.0 1.3
-688.0 1.3
-700.0 1.3
-684.0 1.3
-668.0 1.3
-676.0 1.3
-676.0 1.3
-688.0 1.3
-680.0 1.3
-676.0 1.3
-676.0 1.3
-680.0 1.3
-680.0 1.3
-688.0 1.3
-684.0 1.3
-652.0 1.3
-644.0 1.3
-652.0 1.3
-656.0 1.3
-668.0 1.3
-652.0 1.3
-636.0 1.3
-660.0 1.3
-664.0 1.3
-660.0 1.3
-672.0 1.3
-684.0 1.3
-684.0 1.3
-680.0 1.3
-684.0 1.3
-684.0 1.3
-684.0 1.3
-684.0 1.3
-672.0 1.3
-680.0 1.3
-676.0 1.3
-684.0 1.3
-688.0 1.3
-680.0 1.3
-676.0 1.3
-660.0 1.3
-652.0 1.3
-660.0 1.3
-664.0 1.3
-672.0 1.3
-676.0 1.3
-688.0 1.3
-684.0 1.3
-680.0 1.3
-684.0 1.3
-688.0 1.3
-684.0 1.3
-684.0 1.3
-688.0 1.3
-672.0 1.3
-684.0 1.3
-688.0 1.3
-676.0 1.3
-688.0 1.3
-680.0 1.3
-680.0 1.3
-676.0 1.3
-684.0 1.3
-688.0 1.3
-684.0 1.3
-684.0 1.3
-680.0 1.3
-680.0 1.3
-684.0 1.3
-668.0 1.3
-672.0 1.3
-656.0 1.3
-660.0 1.3
-672.0 1.3
-668.0 1.3
-676.0 1.3
-664.0 1.3
-668.0 1.3
-668.0 1.3
-656.0 1.3
-672.0 1.3
-672.0 1.3
-680.0 1.3
-676.0 1.4
-676.0 1.4
-676.0 1.4
-660.0 1.4
-656.0 1.4
-656.0 1.4
-640.0 1.4
-648.0 1.4
-636.0 1.4
-612.0 1.4
-616.0 1.4
-644.0 1.4
-656.0 1.4
-660.0 1.4
-664.0 1.4
-652.0 1.4
-660.0 1.4
-668.0 1.4
-668.0 1.4
-660.0 1.4
-660.0 1.4
-652.0 1.4
-664.0 1.4
-660.0 1.4
-656.0 1.4
-672.0 1.4
-672.0 1.4
-668.0 1.4
-668.0 1.4
-660.0 1.4
-672.0 1.4
-664.0 1.4
-680.0 1.4
-672.0 1.4
-672.0 1.4
-672.0 1.4
-676.0 1.4
-676.0 1.4
-668.0 1.4
-656.0 1.4
-676.0 1.4
-680.0 1.4
-680.0 1.4
-676.0 1.4
-676.0 1.4
-680.0 1.4
-676.0 1.4
-668.0 1.4
-684.0 1.4
-688.0 1.4
-692.0 1.4
-688.0 1.4
-684.0 1.4
-680.0 1.4
-672.0 1.4
-676.0 1.4
-664.0 1.4
-668.0 1.4
-668.0 1.4
-672.0 1.4
-676.0 1.4
-684.0 1.4
-676.0 1.4
-664.0 1.4
-652.0 1.4
-672.0 1.4
-672.0 1.4
-672.0 1.4
-672.0 1.4
-676.0 1.4
-680.0 1.4
-664.0 1.4
-676.0 1.4
-660.0 1.4
-660.0 1.4
-680.0 1.4
-676.0 1.4
-676.0 1.4
-660.0 1.4
-656.0 1.4
-652.0 1.4
-652.0 1.4
-656.0 1.4
-660.0 1.4
-672.0 1.4
-660.0 1.4
-676.0 1.4
-664.0 1.4
-668.0 1.4
-668.0 1.4
-668.0 1.4
-668.0 1.4
-656.0 1.4
-660.0 1.4
-656.0 1.4
-652.0 1.4
-660.0 1.4
-672.0 1.4
-676.0 1.4
-680.0 1.4
-668.0 1.5
-672.0 1.5
-660.0 1.5
-636.0 1.5
-660.0 1.5
-688.0 1.5
-684.0 1.5
-672.0 1.5
-676.0 1.5
-672.0 1.5
-668.0 1.5
-680.0 1.5
-684.0 1.5
-676.0 1.5
-672.0 1.5
-668.0 1.5
-648.0 1.5
-660.0 1.5
-640.0 1.5
-656.0 1.5
-664.0 1.5
-664.0 1.5
-652.0 1.5
-644.0 1.5
-632.0 1.5
-640.0 1.5
-660.0 1.5
-660.0 1.5
-672.0 1.5
-676.0 1.5
-656.0 1.5
-676.0 1.5
-664.0 1.5
-656.0 1.5
-660.0 1.5
-680.0 1.5
-668.0 1.5
-672.0 1.5
-676.0 1.5
-656.0 1.5
-668.0 1.5
-664.0 1.5
-644.0 1.5
-668.0 1.5
-668.0 1.5
-668.0 1.5
-664.0 1.5
-660.0 1.5
-660.0 1.5
-676.0 1.5
-676.0 1.5
-656.0 1.5
-672.0 1.5
-648.0 1.5
-664.0 1.5
-632.0 1.5
-668.0 1.5
-656.0 1.5
-664.0 1.5
-664.0 1.5
-660.0 1.5
-652.0 1.5
-648.0 1.5
-656.0 1.5
-652.0 1.5
-640.0 1.5
-624.0 1.5
-620.0 1.5
-648.0 1.5
-640.0 1.5
-644.0 1.5
-660.0 1.5
-648.0 1.5
-648.0 1.5
-644.0 1.5
-652.0 1.5
-628.0 1.5
-656.0 1.5
-672.0 1.5
-644.0 1.5
-644.0 1.5
-624.0 1.5
-648.0 1.5
-644.0 1.5
-632.0 1.5
-628.0 1.5
-652.0 1.5
-640.0 1.5
-672.0 1.5
-656.0 1.5
-656.0 1.5
-644.0 1.5
-664.0 1.5
-668.0 1.5
-684.0 1.5
-696.0 1.5
-680.0 1.5
-656.0 1.5
-648.0 1.5
-656.0 1.5
-664.0 1.6
-652.0 1.6
-660.0 1.6
-660.0 1.6
-660.0 1.6
-672.0 1.6
-660.0 1.6
-660.0 1.6
-648.0 1.6
-648.0 1.6
-640.0 1.6
-648.0 1.6
-640.0 1.6
-660.0 1.6
-660.0 1.6
-640.0 1.6
-644.0 1.6
-652.0 1.6
-652.0 1.6
-648.0 1.6
-652.0 1.6
-640.0 1.6
-648.0 1.6
-632.0 1.6
-668.0 1.6
-660.0 1.6
-656.0 1.6
-664.0 1.6
-644.0 1.6
-644.0 1.6
-652.0 1.6
-648.0 1.6
-656.0 1.6
-668.0 1.6
-648.0 1.6
-652.0 1.6
-652.0 1.6
-664.0 1.6
-636.0 1.6
-656.0 1.6
-656.0 1.6
-664.0 1.6
-664.0 1.6
-644.0 1.6
-644.0 1.6
-652.0 1.6
-684.0 1.6
-680.0 1.6
-676.0 1.6
-644.0 1.6
-664.0 1.6
-656.0 1.6
-676.0 1.6
-664.0 1.6
-652.0 1.6
-636.0 1.6
-628.0 1.6
-624.0 1.6
-652.0 1.6
-656.0 1.6
-652.0 1.6
-652.0 1.6
-664.0 1.6
-644.0 1.6
-648.0 1.6
-648.0 1.6
-628.0 1.6
-628.0 1.6
-616.0 1.6
-616.0 1.6
-648.0 1.6
-648.0 1.6
-640.0 1.6
-644.0 1.6
-640.0 1.6
-628.0 1.6
-636.0 1.6
-640.0 1.6
-624.0 1.6
-624.0 1.6
-632.0 1.6
-608.0 1.6
-612.0 1.6
-620.0 1.6
-612.0 1.6
-596.0 1.6
-612.0 1.6
-620.0 1.6
-628.0 1.6
-612.0 1.6
-632.0 1.6
-636.0 1.6
-640.0 1.6
-640.0 1.6
-640.0 1.6
-624.0 1.6
-612.0 1.6
-636.0 1.6
-600.0 1.6
-616.0 1.6
-640.0 1.7
-588.0 1.7
-604.0 1.7
-604.0 1.7
-588.0 1.7
-600.0 1.7
-604.0 1.7
-604.0 1.7
-604.0 1.7
-592.0 1.7
-568.0 1.7
-572.0 1.7
-580.0 1.7
-600.0 1.7
-620.0 1.7
-620.0 1.7
-640.0 1.7
-624.0 1.7
-624.0 1.7
-608.0 1.7
-632.0 1.7
-620.0 1.7
-620.0 1.7
-616.0 1.7
-624.0 1.7
-628.0 1.7
-608.0 1.7
-592.0 1.7
-624.0 1.7
-600.0 1.7
-620.0 1.7
-616.0 1.7
-612.0 1.7
-628.0 1.7
-652.0 1.7
-640.0 1.7
-644.0 1.7
-656.0 1.7
-608.0 1.7
-644.0 1.7
-648.0 1.7
-660.0 1.7
-652.0 1.7
-652.0 1.7
-620.0 1.7
-588.0 1.7
-632.0 1.7
-612.0 1.7
-628.0 1.7
-620.0 1.7
-608.0 1.7
-608.0 1.7
-568.0 1.7
-620.0 1.7
-624.0 1.7
-632.0 1.7
-628.0 1.7
-656.0 1.7
-636.0 1.7
-648.0 1.7
-632.0 1.7
-656.0 1.7
-680.0 1.7
-660.0 1.7
-672.0 1.7
-664.0 1.7
-668.0 1.7
-636.0 1.7
-640.0 1.7
-648.0 1.7
-652.0 1.7
-668.0 1.7
-636.0 1.7
-644.0 1.7
-636.0 1.7
-624.0 1.7
-628.0 1.7
-628.0 1.7
-620.0 1.7
-636.0 1.7
-624.0 1.7
-616.0 1.7
-604.0 1.7
-628.0 1.7
-636.0 1.7
-640.0 1.7
-628.0 1.7
-620.0 1.7
-624.0 1.7
-620.0 1.7
-628.0 1.7
-624.0 1.7
-632.0 1.7
-596.0 1.7
-592.0 1.7
-612.0 1.7
-616.0 1.7
-632.0 1.7
-644.0 1.7
-628.0 1.7
-648.0 1.8
-648.0 1.8
-628.0 1.8
-624.0 1.8
-604.0 1.8
-596.0 1.8
-616.0 1.8
-632.0 1.8
-600.0 1.8
-572.0 1.8
-564.0 1.8
-544.0 1.8
-528.0 1.8
-568.0 1.8
-540.0 1.8
-548.0 1.8
-624.0 1.8
-612.0 1.8
-604.0 1.8
-600.0 1.8
-608.0 1.8
-572.0 1.8
-576.0 1.8
-560.0 1.8
-592.0 1.8
-608.0 1.8
-620.0 1.8
-612.0 1.8
-572.0 1.8
-552.0 1.8
-600.0 1.8
-608.0 1.8
-652.0 1.8
-648.0 1.8
-652.0 1.8
-640.0 1.8
-632.0 1.8
-616.0 1.8
-628.0 1.8
-628.0 1.8
-632.0 1.8
-636.0 1.8
-632.0 1.8
-644.0 1.8
-612.0 1.8
-616.0 1.8
-604.0 1.8
-620.0 1.8
-624.0 1.8
-624.0 1.8
-596.0 1.8
-572.0 1.8
-592.0 1.8
-596.0 1.8
-596.0 1.8
-584.0 1.8
-568.0 1.8
-584.0 1.8
-600.0 1.8
-568.0 1.8
-608.0 1.8
-608.0 1.8
-604.0 1.8
-616.0 1.8
-636.0 1.8
-632.0 1.8
-628.0 1.8
-640.0 1.8
-644.0 1.8
-612.0 1.8
-600.0 1.8
-580.0 1.8
-632.0 1.8
-640.0 1.8
-636.0 1.8
-604.0 1.8
-588.0 1.8
-568.0 1.8
-592.0 1.8
-584.0 1.8
-636.0 1.8
-616.0 1.8
-600.0 1.8
-552.0 1.8
-572.0 1.8
-568.0 1.8
-576.0 1.8
-568.0 1.8
-560.0 1.8
-564.0 1.8
-552.0 1.8
-592.0 1.8
-600.0 1.8
-564.0 1.8
-552.0 1.8
-568.0 1.8
-584.0 1.8
-612.0 1.8
-584.0 1.8
-608.0 1.8
-592.0 1.9
-584.0 1.9
-592.0 1.9
-576.0 1.9
-552.0 1.9
-588.0 1.9
-608.0 1.9
-608.0 1.9
-584.0 1.9
-544.0 1.9
-584.0 1.9
-560.0 1.9
-536.0 1.9
-580.0 1.9
-560.0 1.9
-544.0 1.9
-564.0 1.9
-568.0 1.9
-516.0 1.9
-560.0 1.9
-536.0 1.9
-520.0 1.9
-520.0 1.9
-524.0 1.9
-556.0 1.9
-608.0 1.9
-580.0 1.9
-604.0 1.9
-572.0 1.9
-628.0 1.9
-596.0 1.9
-600.0 1.9
-624.0 1.9
-600.0 1.9
-644.0 1.9
-596.0 1.9
-640.0 1.9
-576.0 1.9
-552.0 1.9
-568.0 1.9
-592.0 1.9
-592.0 1.9
-604.0 1.9
-588.0 1.9
-544.0 1.9
-520.0 1.9
-540.0 1.9
-532.0 1.9
-540.0 1.9
-540.0 1.9
-536.0 1.9
-548.0 1.9
-500.0 1.9
-524.0 1.9
-536.0 1.9
-548.0 1.9
-552.0 1.9
-572.0 1.9
-580.0 1.9
-560.0 1.9
-568.0 1.9
-628.0 1.9
-600.0 1.9
-572.0 1.9
-612.0 1.9
-608.0 1.9
-560.0 1.9
-544.0 1.9
-580.0 1.9
-584.0 1.9
-608.0 1.9
-556.0 1.9
-532.0 1.9
-568.0 1.9
-584.0 1.9
-572.0 1.9
-568.0 1.9
-576.0 1.9
-580.0 1.9
-600.0 1.9
-572.0 1.9
-580.0 1.9
-572.0 1.9
-580.0 1.9
-540.0 1.9
-592.0 1.9
-588.0 1.9
-600.0 1.9
-600.0 1.9
-612.0 1.9
-604.0 1.9
-608.0 1.9
-612.0 1.9
-612.0 1.9
-624.0 1.9
-600.0 1.9
-584.0 1.9
-596.0 1.9
-536.0 1.9
-564.0 1.9
-564.0 2.0
-552.0 2.0
-556.0 2.0
-580.0 2.0
-592.0 2.0
-580.0 2.0
-564.0 2.0
-564.0 2.0
-560.0 2.0
-544.0 2.0
-584.0 2.0
-560.0 2.0
-536.0 2.0
-560.0 2.0
-568.0 2.0
-576.0 2.0
-524.0 2.0
-516.0 2.0
-492.0 2.0
-512.0 2.0
-492.0 2.0
-504.0 2.0
-552.0 2.0
-480.0 2.0
-560.0 2.0
-588.0 2.0
-580.0 2.0
-608.0 2.0
-556.0 2.0
-572.0 2.0
-540.0 2.0
-532.0 2.0
-524.0 2.0
-532.0 2.0
-576.0 2.0
-608.0 2.0
-572.0 2.0
-556.0 2.0
-592.0 2.0
-604.0 2.0
-604.0 2.0
-564.0 2.0
-576.0 2.0
-560.0 2.0
-588.0 2.0
-576.0 2.0
-572.0 2.0
-572.0 2.0
-508.0 2.0
-548.0 2.0
-580.0 2.0
-588.0 2.0
-560.0 2.0
-540.0 2.0
-552.0 2.0
-536.0 2.0
-560.0 2.0
-560.0 2.0
-532.0 2.0
-524.0 2.0
-584.0 2.0
-556.0 2.0
-500.0 2.0
-516.0 2.0
-536.0 2.0
-596.0 2.0
-552.0 2.0
-540.0 2.0
-540.0 2.0
-536.0 2.0
-472.0 2.0
-532.0 2.0
-572.0 2.0
-560.0 2.0
-588.0 2.0
-572.0 2.0
-560.0 2.0
-528.0 2.0
-504.0 2.0
-512.0 2.0
-548.0 2.0
-544.0 2.0
-616.0 2.0
-636.0 2.0
-620.0 2.0
-612.0 2.0
-552.0 2.0
-572.0 2.0
-580.0 2.0
-560.0 2.0
-592.0 2.0
-616.0 2.0
-616.0 2.0
-600.0 2.0
-612.0 2.0
-612.0 2.0
-628.0 2.0
-612.0 2.0
-600.0 2.0
-636.0 2.0
-524.0 2.1
-536.0 2.1
-536.0 2.1
-556.0 2.1
-560.0 2.1
-544.0 2.1
-576.0 2.1
-584.0 2.1
-512.0 2.1
-508.0 2.1
-564.0 2.1
-572.0 2.1
-556.0 2.1
-536.0 2.1
-544.0 2.1
-536.0 2.1
-500.0 2.1
-532.0 2.1
-496.0 2.1
-504.0 2.1
-504.0 2.1
-548.0 2.1
-556.0 2.1
-544.0 2.1
-540.0 2.1
-520.0 2.1
-536.0 2.1
-560.0 2.1
-500.0 2.1
-540.0 2.1
-492.0 2.1
-484.0 2.1
-496.0 2.1
-532.0 2.1
-508.0 2.1
-508.0 2.1
-464.0 2.1
-480.0 2.1
-468.0 2.1
-468.0 2.1
-508.0 2.1
-524.0 2.1
-520.0 2.1
-488.0 2.1
-484.0 2.1
-484.0 2.1
-516.0 2.1
-564.0 2.1
-556.0 2.1
-516.0 2.1
-552.0 2.1
-528.0 2.1
-528.0 2.1
-484.0 2.1
-528.0 2.1
-544.0 2.1
-560.0 2.1
-532.0 2.1
-492.0 2.1
-520.0 2.1
-508.0 2.1
-536.0 2.1
-520.0 2.1
-540.0 2.1
-504.0 2.1
-512.0 2.1
-512.0 2.1
-500.0 2.1
-544.0 2.1
-572.0 2.1
-588.0 2.1
-552.0 2.1
-552.0 2.1
-516.0 2.1
-540.0 2.1
-524.0 2.1
-532.0 2.1
-460.0 2.1
-536.0 2.1
-544.0 2.1
-548.0 2.1
-500.0 2.1
-456.0 2.1
-488.0 2.1
-540.0 2.1
-592.0 2.1
-604.0 2.1
-608.0 2.1
-604.0 2.1
-600.0 2.1
-600.0 2.1
-584.0 2.1
-568.0 2.1
-600.0 2.1
-604.0 2.1
-592.0 2.1
-532.0 2.1
-516.0 2.1
-500.0 2.1
-516.0 2.1
-508.0 2.2
-492.0 2.2
-544.0 2.2
-552.0 2.2
-532.0 2.2
-488.0 2.2
-480.0 2.2
-448.0 2.2
-460.0 2.2
-496.0 2.2
-488.0 2.2
-488.0 2.2
-480.0 2.2
-464.0 2.2
-464.0 2.2
-508.0 2.2
-488.0 2.2
-448.0 2.2
-484.0 2.2
-444.0 2.2
-460.0 2.2
-452.0 2.2
-424.0 2.2
-492.0 2.2
-476.0 2.2
-444.0 2.2
-408.0 2.2
-408.0 2.2
-392.0 2.2
-520.0 2.2
-440.0 2.2
-476.0 2.2
-476.0 2.2
-408.0 2.2
-412.0 2.2
-436.0 2.2
-408.0 2.2
-444.0 2.2
-448.0 2.2
-484.0 2.2
-440.0 2.2
-444.0 2.2
-456.0 2.2
-492.0 2.2
-452.0 2.2
-512.0 2.2
-504.0 2.2
-480.0 2.2
-456.0 2.2
-512.0 2.2
-488.0 2.2
-484.0 2.2
-544.0 2.2
-540.0 2.2
-496.0 2.2
-584.0 2.2
-556.0 2.2
-492.0 2.2
-520.0 2.2
-532.0 2.2
-464.0 2.2
-484.0 2.2
-464.0 2.2
-496.0 2.2
-556.0 2.2
-552.0 2.2
-584.0 2.2
-540.0 2.2
-524.0 2.2
-524.0 2.2
-496.0 2.2
-492.0 2.2
-524.0 2.2
-540.0 2.2
-524.0 2.2
-516.0 2.2
-496.0 2.2
-548.0 2.2
-500.0 2.2
-500.0 2.2
-492.0 2.2
-492.0 2.2
-480.0 2.2
-536.0 2.2
-516.0 2.2
-532.0 2.2
-548.0 2.2
-536.0 2.2
-504.0 2.2
-560.0 2.2
-536.0 2.2
-496.0 2.2
-552.0 2.2
-560.0 2.2
-528.0 2.2
-448.0 2.2
-472.0 2.2
-456.0 2.2
-468.0 2.2
-488.0 2.2
-424.0 2.3
-412.0 2.3
-416.0 2.3
-436.0 2.3
-432.0 2.3
-400.0 2.3
-388.0 2.3
-480.0 2.3
-456.0 2.3
-500.0 2.3
-504.0 2.3
-488.0 2.3
-492.0 2.3
-480.0 2.3
-484.0 2.3
-432.0 2.3
-404.0 2.3
-488.0 2.3
-472.0 2.3
-444.0 2.3
-492.0 2.3
-488.0 2.3
-492.0 2.3
-504.0 2.3
-504.0 2.3
-512.0 2.3
-544.0 2.3
-520.0 2.3
-532.0 2.3
-520.0 2.3
-516.0 2.3
-468.0 2.3
-488.0 2.3
-428.0 2.3
-380.0 2.3
-452.0 2.3
-424.0 2.3
-432.0 2.3
-464.0 2.3
-484.0 2.3
-508.0 2.3
-524.0 2.3
-536.0 2.3
-536.0 2.3
-488.0 2.3
-492.0 2.3
-540.0 2.3
-588.0 2.3
-528.0 2.3
-464.0 2.3
-456.0 2.3
-472.0 2.3
-544.0 2.3
-512.0 2.3
-496.0 2.3
-504.0 2.3
-508.0 2.3
-476.0 2.3
-420.0 2.3
-480.0 2.3
-468.0 2.3
-408.0 2.3
-464.0 2.3
-432.0 2.3
-488.0 2.3
-524.0 2.3
-500.0 2.3
-448.0 2.3
-460.0 2.3
-484.0 2.3
-460.0 2.3
-496.0 2.3
-508.0 2.3
-484.0 2.3
-488.0 2.3
-504.0 2.3
-512.0 2.3
-500.0 2.3
-488.0 2.3
-480.0 2.3
-460.0 2.3
-436.0 2.3
-528.0 2.3
-516.0 2.3
-464.0 2.3
-452.0 2.3
-488.0 2.3
-444.0 2.3
-484.0 2.3
-436.0 2.3
-440.0 2.3
-460.0 2.3
-484.0 2.3
-468.0 2.3
-468.0 2.3
-440.0 2.3
-484.0 2.3
-456.0 2.3
-404.0 2.3
-532.0 2.3
